5497119610656,37349379317,373493000
2807333044518,22410820864,224108000
6007305610824,41204214208,412042000
7356239944714,4541871801,45418000
830592510858,27154044030,271540000
7019120744710,7852622639,78526000
2380366210827,36070280279,360702000
2487946210629,14571821862,145718000
5872169670639,31966556533,319665000
4731717720848,40717674647,407176000
6930150510626,3904663158,39046000
7266841044610,27573161809,275731000
2564948710658,2371884978,23718000
575219744415,34394910000,343949000
5873125810820,6320037067,63200000
6426982544415,15067052205,150670000
2700758610852,18842282869,188422000
3086713020640,9672829609,96728000
7621869710857,46179642231,461796000
3649047010753,40112244965,401122000
153853644618,42754919563,427549000
6265574610651,2489516802,24895000
6295273244710,30406875636,304068000
7323170770632,38705656903,387056000
4069727810859,43486910376,434869000
314743320845,39360324268,393603000
1950081630510,30274245713,301742000
1586914270730,31875756123,318757000
2414088244717,25006159187,250061000
3248790020645,24289165170,242891000
6216485320746,5735128550,57351000
5507604310755,33618561385,336185000
5412067944415,30851343448,308513000
3142935444411,12273433939,122734000
2823847744514,6263965693,62639000
6500888644711,35575687500,355756000
7421844770830,38237574751,382375000
894016610756,25504761377,255047000
3062702044614,3891381427,38913000
6836775810621,40871456170,408714000
6677572620745,18686170869,186861000
6589849810656,39260856537,392608000
2968757720843,13966545780,139665000
7366184270838,5235780228,52357000
6294751730611,13670284631,136702000
281896420843,44874669008,448746000
5349146744614,8939045146,89390000
2135475210620,5715180070,57151000
3606810170731,230083601,2300000
7242254844518,47833657969,478336000
3429252510653,9487967597,94879000
5866165630519,25337584048,253375000
2706447944712,46354043034,463140000
5584377244516,19233052428,192330000
3648185110851,38362415672,383624000
3806735710627,26565656353,265656000
718309810757,23886360105,238863000
7640304644618,10690136079,106901000
2223933020742,35546033184,355460000
2157416344519,44023111300,440231000
7801192470631,24961357799,249613000
4617518544715,9887730180,98877000
1042163530617,48020156700,480201000
2522573010659,5246739750,52467000
648825520643,24829745653,248297000
367855644410,44435642988,444356000
3891595120848,9792917794,97929000
5606481710654,29607730230,296077000
1726895870832,34420283020,344202000
1272288910824,42793020900,427930000
1959556410851,19370943504,193709000
2708861920747,21073524172,210735000
1134070820749,574150538,5741000
6350681110723,2360541443,23605000
1411691044614,5311413186,53114000
816620510858,34163133844,341631000
5361916310650,11383857245,113838000
7427832770832,29327281797,293272000
7385001410851,32311746206,323117000
760760530616,36116264273,361162000
6074985044410,19814230503,198142000
6081866270637,20340551689,203405000
3101327010850,25321643143,253216000
5221251610821,42513139920,425131000
5073281444714,19149956007,191499000
6142049710624,33966084122,339660000
1219005120743,46074126301,46074100
6036962820740,10416348195,104163000
4860920210655,26918163228,269181000
5406230744615,31893236372,318932000
5088505744511,826322806,8263000
1897368320840,41692885640,416928000
2243471020840,1675617993,16756000
5369405810850,15127933781,151279000
2171702644719,983763643,9837000
4976076630617,16853649790,168536000
1768988344418,44119753260,441197000
2202338210824,6203222102,62032000
6344445570837,40092172023,400921000
3004693410726,44462038491,444620000
1751442070635,48188479349,481884000
2110284030610,41109355156,411093000
4062838810624,10605126867,106051000
2683844716,45536827761,455368000
3733507844616,41617765006,416177000
2477933244715,25495026040,254950000
3010313610850,17216025983,172160000
2414005720741,3215972977,32159000
1512672844414,29182963477,291829000
4377422310658,16853419442,168534000
2557793830515,6729472433,67294000
3920940810720,44302436709,443024000
5692051530516,37786713195,377867000
3836641670636,11763158700,117631000
1859037320646,6128726600,61287000
4252266670838,38416675722,384166000
4664251520640,39585749235,395857000
7509565044511,15639219152,156392000
1089272420844,2169169305,21691000
373433010850,31579348200,315793000
2401690044511,998280480,9982000
3457593644716,16310486056,163104000
7259886210727,40396046773,403960000
6089768520642,40436748764,404267000
7602712644716,27558726121,275587000
1088788044613,25616172719,256161000
6349041844412,49822774721,498227000
3146441644618,2384752871,23847000
1822466544519,37802846750,378028000
4165080970734,33396748242,333967000
4125390810859,18598268615,185982000
3877658120840,23498683457,234986000
2602814530512,43433463743,434334000
2365803644719,16373780628,163737000
6996411810720,38790656733,387906000
6067671870637,17326776462,173267000
1858773070731,29506428009,295064000
7375346920644,43618087174,436180000
53038370835,30397164958,303971000
5444359210659,44214963294,442149000
1340970044719,3253252160,32532000
6817349844719,12922164556,129221000
825671144618,35094566141,350945000
5367443410758,36856187288,368561000
1884060810655,11357212199,113572000
4594008330613,14322131179,143221000
2038386410652,21781153191,217811000
582484310750,35963147588,359631000
664257610620,12517544850,125175000
4391950410721,27714811197,277148000
2923169410729,18881113329,188811000
6139925430510,36083375974,360833000
3491534644714,48545915633,485459000
2890102210720,30325682618,303256000
3597853510758,30792672947,307926000
4876239320845,17982919002,179829000
6587247010656,38409028028,384090000
4912897020649,39378054370,393780000
191886830610,27644345397,276443000
3156141744713,33315336362,333153000
7786799520841,11066348891,110663000
5407523544510,40758882905,407588000
5542197410855,42952920385,429529000
1436540744617,32410378850,324103000
4444139710657,40468880954,404688000
4753093910853,46230962927,462309000
2137904010653,2093987375,20939000
1734997110622,36904034976,369040000
7079604744718,33997131520,339971000
7537586120645,28604723950,286047000
3938413110822,36586131700,365861000
4024818610654,37413180318,374131000
484606810757,23818665402,238186000
4785741330514,33606830517,336068000
625286044611,34741378122,347413000
5596975310858,24286016300,242860000
2186835270630,45975364167,459753000
4313006810821,35835264462,358352000
4436459944513,12006866551,120068000
1390742844613,35459987683,354599000
7455935444716,10524472987,105244000
312865710820,17997615284,179976000
1154324810650,1822948024,18229000
786943510826,25445241700,254452000
6717724310650,15158087165,151580000
6461937430514,18351759837,183517000
6233103930517,39837125242,398371000
6905442020749,32529852464,325298000
3032916744714,5935210440,59352000
4571562270835,12282474605,122824000
916936720646,29920467432,299204000
6099007920642,25024627364,250246000
3796702944619,35977410996,359774000
1935770944514,897319846,8973000
5087373044616,4080953362,40809000
6695427244717,26569889432,265698000
1871070144411,19963372905,199633000
2736350510757,879473437,8794000
6506640144710,20070186415,200701000
4071519044411,35350572480,353505000
5236382820845,5640169690,56401000
4128895144615,20519062447,205190000
7032932044514,35382889333,353828000
3263197210658,27895154605,278951000
5159172370630,31932068070,319320000
6417387470735,12197212303,121972000
874832910724,8172319777,81723000
5445753544518,16387427602,163874000
7722196420640,23832986635,238329000
303951744711,44753587896,447535000
1004705744610,21196467501,211964000
5338380610727,2951759661,29517000
1491687270832,3705711477,37057000
7313529044716,37380647620,373806000
7261968844710,40687240376,406872000
752825510658,12529058948,125290000
5503662020745,10968872600,109688000
4666050120840,1825560335,18255000
401639844514,2662032687,26620000
1651367610624,15050114100,150501000
1592505510826,639841403,6398000
6200883720840,367648055,3676000
5566700844511,41505547513,415055000
3364591570733,49883783601,498837000
94630444718,15700858984,157008000
2267914810721,13591510000,135915000
1182952270634,43630467927,436304000
6287085520643,16914829162,169148000
5409444170631,31952231050,319522000
537509210725,36085538690,360855000
1578949170832,8444165478,84441000
7608418630616,36509263819,365092000
3738824010722,27949119195,279491000
962772910858,7418679077,74186000
1207627010823,37824048647,378240000
5065158910627,11772981037,117729000
6851885144715,6627038504,66270000
1197517144713,14158941430,141589000
7540080530510,885173183,8851000
6859830710720,46517128612,465171000
3172935370830,39080574130,390805000
5504833810657,8830728557,88307000
3325973470636,21935358127,219353000
1114668320740,3833882288,38338000
1170742920646,24973416825,249734000
3499144230618,13668321103,136683000
4018466444619,19742965900,197429000
2626105310750,48144213980,481442000
2482562010728,17466453566,174664000
3272579110725,25105370957,251053000
4649334010857,31562080341,315620000
2325542510653,21579131501,215791000
6881178730612,48334037160,483340000
3028623944517,24542534703,245425000
7825361430519,30178719856,301787000
6805012544715,27623967965,276239000
1646233230511,24361478242,243614000
269018044713,4012531658,40125000
5470046630615,45233264107,452332000
7621019020746,18018033574,180180000
3246887970637,19046639608,190466000
1387830320844,20019073391,200190000
3907793870830,45887984757,458879000
5940102870639,11122535105,111225000
388107070735,28863383873,288633000
7298322544612,34074744804,340747000
6420657110753,35785187458,357851000
4229509070638,31673816099,316738000
7321821420640,27714854673,277148000
171901230519,21197476972,211973000
7300891144511,47926051209,479260000
3973265330613,31324644800,313246000
1389004170731,2146910605,21469000
3505902520746,7801246281,78012000
6005213810620,37074880686,370748000
7723824010754,21920643283,219206000
589979444617,22436276913,224362000
4573137930611,42870639921,428706000
7241116144614,34353244431,343532000
2184411620744,44546944520,445469000
6122856130517,34669975515,346699000
141503720640,33554467779,335544000
2601018744610,19474539510,194745000
7944255344718,48065514102,480655000
6226707770635,12297721604,122977000
6425680870732,32189587520,321895000
3368371310655,47844171293,478441000
1691503870637,10971619300,109716000
3242110470635,33997568894,339975000
1426468230519,12941237484,129412000
783182120841,29209330448,292093000
997310710657,29978843562,299788000
2718042344716,49627470901,496274000
3117030210625,10260415009,102604000
2759285410626,19713514001,197135000
7852634944712,18060924678,180609000
7901745510828,12005036660,120050000
864240230610,4324053386,43240000
4739157044710,28094649222,280946000
3279088244414,27306685908,273066000
4534278510653,35483310476,354833000
837710844515,7319282073,73192000
3776481110652,14075936570,140759000
3431597644711,22480436044,224804000
2016243844518,44232044578,442320000
1374152444711,47866521091,478665000
7323202620646,30906082145,309060000
2533298610758,5794538425,57945000
777522644417,7051086255,70510000
3947952610722,29032158391,290321000
5242897410720,20748465917,207484000
4967035444710,34396276703,343962000
2519636410651,12128336293,121283000
3860820444710,45255941878,452559000
2851162244717,19106728900,191067000
3429096010629,48666270169,486662000
3667580410621,19071858305,190718000
2043239944416,45858962477,458589000
3845438610821,46620116446,466201000
6941915344713,46928348827,469283000
6366361230511,40052435789,400524000
5366744610624,20806437404,208064000
3589218170735,8198829676,81988000
7370255220648,13945717210,139457000
4486712010724,18507467253,185074000
5896097210855,4819685181,48196000
7248112544418,11927271005,119272000
7494631230510,27737249225,277372000
6478833320644,45595118847,455951000
365007810723,10701022579,107010000
5306122570738,14119270396,141192000
4372189410653,19848819984,198488000
6006537220643,25852574460,258525000
7965426670837,16700314776,167013000
7153868210628,6409967149,64099000
2662281120646,42224453408,422244000
2289628070730,47444783034,474447000
1687685010622,5097188659,50971000
1190585844516,8683434947,86834000
6814731210852,20233023418,202330000
5153252310656,25918673453,259186000
7302747870731,14424975395,144249000
1944006310720,8173453522,81734000
6516705744716,23343414485,233434000
5180558910824,25185331290,251853000
5040658970631,1643542293,16435000
3870963244717,18964424883,189644000
2307514670736,37861217437,378612000
6553715730511,31152273771,311522000
4643039610828,49054884955,490548000
3011824644511,9127466073,91274000
1054740470635,38223713363,382237000
6602178970838,10874921803,108749000
1981182010728,21896087080,218960000
3245808444414,7683320026,76833000
5843524010726,4731871834,47318000
1073124970831,1037023807,10370000
3400068044510,41690037212,416900000
2800096010757,33821847682,338218000
1583995430516,45693886309,456938000
3053440870632,12987214538,129872000
2915073230611,15877671008,158776000
216993520740,2236348263,22363000
7606735910656,26884561378,268845000
4897000944518,32621086859,326210000
7741163944613,4118282986,41182000
5245612420646,43571375811,435713000
3071808670637,9276852130,92768000
3311239944716,25112930171,251129000
4377152920840,12465821707,124658000
6646700910856,38522170135,385221000
3467248370730,16740146151,167401000
4126029370832,29211744904,292117000
4809354144717,37020111234,370201000
5808727520746,11396158479,113961000
6309106670733,14994941458,149949000
6532529644713,30161253176,301612000
2785237844712,10128446424,101284000
5426900030512,8106660994,81066000
5797577430512,26389683745,263896000
5151803144610,33883117373,338831000
6662041410757,7476412186,74764000
4103684710654,35490966374,354909000
3701195430615,36953733327,369537000
1775076430514,32487380562,324873000
5348809144717,14402159351,144021000
6422957244711,3976347520,39763000
3457687644612,2343323842,23433000
1564638670733,41030585685,410305000
4557638920840,24049343100,240493000
28058844413,28037565658,280375000
5203324844518,5293858974,52938000
1231623644710,29035612902,290356000
6365110844611,8113163003,81131000
7094346744413,22695678917,226956000
4048655110825,22608988958,226089000
7270948120740,46802950057,468029000
6850641770839,33733020900,337330000
56407410721,44148967452,441489000
1288852310852,1838946097,18389000